1	1	2.34972107349204	-1.37420190800182	1.14417553877469
1	1	0.201389847603344	1.89160500131606	0.357446547684926
1	1	0.406552733316974	0.159731201645756	0.160645455749725
0	1	-0.214583363542843	-0.313336559659014	-0.115641882577461
1	1	-0.340858453971438	0.691843229965465	-0.475832194129607
0	1	-0.680411137167026	0.0416620823576399	-0.769881914155481
1	1	-0.791391655721769	0.241490209491424	-0.233646822562774
1	1	1.23199905577374	1.45406531106179	1.18782934300381
1	1	-0.20129146897178	2.2112258915218	-0.428031576211644
0	1	0.0120447343992501	0.54963967982182	-1.33670520717356
1	1	-1.17876938064331	1.44885045508323	1.58397475975831
0	1	-1.02781230462348	-0.663406421097307	-0.394196984617163
0	1	-0.337441879835589	-0.594324150349402	-0.136096035703832
0	1	-1.34181885346115	-0.549874397044792	-0.404226695323689
1	1	-0.984086727207178	0.343725926891108	0.94810171662553
1	1	0.167685911721371	-0.0856254163131999	0.911751649882354
1	1	-0.317629262341368	0.55258024556837	1.61661775021783
0	1	0.113358051360364	-0.770862681880892	-0.691623907262841
1	1	0.0873822043583507	-1.99254680958864	2.24808343175074
1	1	0.507428611766419	0.688891132414415	0.0939321514078673
0	1	-0.0899531906381783	-1.3727216451084	-0.711416310357949
1	1	0.0473709122512635	2.00451856954757	0.290213342631474
1	1	1.84710871130315	0.461868065608164	-1.87341886942591
0	1	-0.68342348917237	-0.0151097264709855	1.07334918490819
1	1	-0.932504555647027	1.2639284659618	-0.177422528162743
0	1	-1.60995774700379	0.449229876733251	-1.45166145198342
0	1	0.33739886838117	1.06180212994563	-1.70060343943234
0	1	0.407446161469984	0.0457547759652482	-1.90832766444315
0	1	-0.320755714902165	-0.500768554720341	-0.382841648522631
0	1	-1.57402354816398	0.624240143371863	-1.90723131429367
1	1	1.8874795710795	-0.561539671021776	1.65392841661209
1	1	0.894788601005892	0.349733455441991	0.499451197685511
1	1	-0.380783933679795	0.133995858420805	0.635434707672128
1	1	0.578307304659387	0.541112183290417	1.28484042163006
1	1	-1.0549414176154	0.243004444281427	1.95752607280335
1	1	2.39398076103659	-0.752043874950023	1.17202342051795
0	1	-0.428877835797009	-1.0813683593932	0.424329007461994
1	1	1.27598781007975	0.763498321068414	1.70450636345883
0	1	0.0612357337112001	0.938712599442766	-1.16048355472671
0	1	-0.658699311275048	0.279047689765473	-1.64702040890669
0	1	-0.630457732665341	-1.41214408215251	-1.40341198756419
0	1	-1.72329638855527	-2.17416275114664	1.37934668574848
1	1	1.49953199343665	0.599100410431012	-0.141229572510008
1	1	-0.555830195464782	-0.0174918502659804	0.946415752888471
0	1	0.345964636382301	0.44035787165653	-0.240987622921351
0	1	-0.315049781716118	-0.326696033478404	0.440104158937525
0	1	-1.06063605988002	0.495344970223541	-0.608796130998092
1	1	-0.107461209342014	-0.360064977868469	0.772400187813194
0	1	-1.75287268900017	-0.241078750914704	-0.347102630963829
0	1	-0.0946349378980328	-1.76698466098257	-0.832966026046539
1	1	-0.675897547713551	0.0441268245622915	1.91124577980037
1	1	-0.473471362758272	1.24956071672863	0.419832548467717
0	1	-0.823309016345685	0.770294383656063	-0.69989221694925
1	1	1.58539699033091	0.222836645391879	-0.683161040416426
0	1	0.283949164503153	0.630262362432016	-0.79369651871184
1	1	1.35182086590503	2.10594446990571	0.391004886845318
0	1	0.57224273582633	-0.661802092973961	-1.50868901778736
1	1	0.412800393716934	0.0292888491433401	0.237951526032155
0	1	-0.895646787795213	-0.866033508121483	1.05675957470029
1	1	1.58493944874837	-2.02110207648404	1.67313758755236
1	1	-0.17708161894741	0.404616090683789	-0.461304145050541
0	1	-1.20623810246735	-1.51435803185234	-0.425426039813786
0	1	-0.279437728040831	-1.2649348487262	-1.75925856575495
1	1	0.224072792209209	0.452358923313767	-0.55234387971033
1	1	-1.13148536690022	0.599869226165729	0.912234995060959
1	1	-0.458655329654678	-0.307341198339517	1.05780941569684
0	1	-0.69361313505976	0.197391678574276	-1.86333919568845
0	1	-1.10897200586076	-0.238224980142741	0.349399386445465
1	1	-0.539569281387596	-0.948975733733217	1.84067519577621
0	1	-2.13093462964315	-0.486459370664556	0.248812318991019
0	1	-0.407307683479507	0.108397638890188	-0.883372068662084
1	1	-0.711012475411562	-0.844018466953042	0.825479713389276
0	1	0.308693828411032	0.41142975302004	-1.45027854817756
1	1	0.960099349982338	-2.67382136807056	1.091013411289
0	1	-0.0518487142209094	-0.365819220807112	-0.321152332468214
0	1	0.353946106947601	-1.30732496614239	-1.59168601086564
1	1	1.79577095998001	-0.0805696724189274	0.640620100443541
1	1	1.5697684569671	-0.6292555882336	0.441389226011625
1	1	1.09778655001532	0.905200355432869	-1.07043901344373
1	1	-0.963412811276958	-1.37892898976108	1.16076112791613
1	1	1.31950799422726	-1.29142220716001	-0.314099074871755
0	1	-0.177836992622141	-0.377301111862542	-0.909533527192367
0	1	-2.06363892177677	-0.289012390371153	-1.38587113765007
1	1	-0.91784674359588	2.41411484802163	0.993469436988627
1	1	0.669885598704747	-1.40153629452849	2.89330225030685
1	1	0.110038408117558	-0.132205276188043	0.223040879006198
1	1	0.734385075799351	0.777569453544973	0.980088554068829
0	1	0.949301297682821	0.921491596167333	-1.75030926080818
1	1	-0.122226910042377	-0.883127011530532	1.39707292041397
1	1	1.19394914099382	-0.634806407462253	0.758291873003616
1	1	0.381064011100452	-0.0932553170526889	2.40242232639554
0	1	-1.13890837277892	-0.323465652782555	-0.297885974155723
1	1	1.48035528861158	0.242275290876208	-0.179876426520195
1	1	0.96431229051725	0.192068648842405	0.135326715443521
1	1	0.464923640797424	0.68398465318104	0.353511974871208
1	1	0.369885768337912	-0.651523320604765	0.377055420804665
1	1	0.991690271850136	-0.532758648102002	0.0269587815709169
1	1	1.31131017656457	-0.450315829892403	-0.262777437347819
1	1	-0.285306300908784	-0.1235700725266	0.199810348216721
1	1	1.24825997289889	1.03344099971269	0.202200160503663
0	1	-0.810750120376317	0.408617772348182	-0.969078981969788
0	1	-0.145817933464617	-0.166724196204701	-1.32835435795953
0	1	0.149915546598283	-0.234360737991901	-0.217568795574861
1	1	0.550862884461912	1.30734118621063	-0.788143839806485
1	1	0.0562746607023427	-2.16210479307484	2.77598516158411
0	1	1.0893359785958	-1.42439438515088	-1.01819396925282
1	1	1.06006827356107	-0.750079158468667	0.0405878832059734
0	1	-0.0578957140246197	0.29305342368384	-0.832026984761275
0	1	-0.873043598211346	0.109378284606672	-0.95607595398711
1	1	-0.441821964959616	0.599769626041212	0.303309239816366
1	1	0.56304989624863	1.79034769231758	-0.334684483902796
1	1	-0.0307909140141453	1.69365807900581	-0.273439862332287
0	1	-0.0864141364627193	-0.445222444748026	-1.15144804641703
1	1	0.967913845209664	-0.391530431136004	1.23867355787451
1	1	-1.02706910661457	0.344052657085544	0.626719962050954
0	1	-1.556593534761	0.358667755690465	-0.58001507507076
0	1	-2.57530574208578	-0.315498559770237	1.16350086061889
0	1	0.0672990136617236	-1.14098721846267	0.677006423659094
1	1	-0.271820515399936	0.56720661879355	0.0791337550647218
0	1	1.31189144374221	0.384424578325419	-1.37490089781419
1	1	0.512279017340463	2.41063331912569	0.815581608110399
0	1	-0.461142903633561	-1.0805778576034	-2.15819636107705
1	1	-1.27160527230784	-0.929305850154982	0.403604908002726
1	1	0.46715210846941	-0.0318048621855927	-0.251674918659364
1	1	1.30613122145731	1.43773413679053	1.2938434085136
1	1	-1.09894185387655	1.4746028060446	1.73896007267208
0	1	-0.503418233855853	-1.73386263310847	-0.971840425801755
0	1	0.277460830892806	0.72617120052382	-1.57395090388041
1	1	0.403152860943312	-0.122073085528089	0.809392828007635
1	1	-0.967580839357376	0.306773340230306	0.345720340309197
0	1	-0.954283301561341	0.539447608466816	-0.802627567266025
0	1	-1.73596021022522	0.887737130244136	-0.600140859597384
1	1	1.89075481790537	0.038881195309415	-0.376937942483245
1	1	0.64036529257275	-1.38698465093721	0.496641650716125
1	1	1.00077268396913	0.635555454861559	0.0500563793409579
0	1	-2.013232530998	-0.287115102963204	-0.661075873931076
1	1	1.85616974795583	1.34012006590696	2.17254790223805
0	1	0.849387859433236	-0.675467952011613	-0.658190282208684
0	1	0.00764141091588538	-1.56206184819182	0.0631802435834403
0	1	-0.858352354132474	0.69579130677671	0.351219465325389
1	1	0.19818341788219	1.41442351620478	-0.230695053075318
0	1	-0.656456809463473	-0.526461745096305	-0.716088884304741
1	1	0.475444643438145	-2.61260837856804	1.32871480927071
1	1	1.3437518788129	-0.694743682550104	0.24097516868521
1	1	-0.538866660552669	0.157077485637898	0.234791818012329
0	1	0.459733489777239	0.548899335811267	-1.83280110157722
1	1	1.12343224547506	-0.230544416555327	-0.622235932611524
1	1	-0.0809418063036553	0.388416122972248	-0.865929669041065
1	1	-1.00375774216252	0.115633301454318	1.02882103804628
0	1	-0.061534730616822	-0.0428648371165076	-0.731067973799072
1	1	-0.142067235474192	-0.292915577694211	1.18117502710626
0	1	-0.380099850570043	1.46662926948774	-1.37212192911265
0	1	0.687926073254156	-0.189357072777312	-1.36674087181099
0	1	0.293295386618133	-0.27603948296319	-0.933575149259035
0	1	-0.0584993913829888	-0.287786677609522	-2.2029287272072
1	1	-0.169950001887583	-0.087218287890203	-0.425400210400255
1	1	1.13389361200775	0.822823311107215	1.01430493197179
1	1	-0.300472711029605	0.0453232508698131	-0.0960560260397603
1	1	0.387825138867961	-0.544919093395946	1.64687472157833
0	1	-0.54264680606361	0.175972256334155	-0.885301374933123
1	1	-1.71082962465558	0.296195260198671	1.29988074812782
1	1	0.207123653147958	-1.68229465020106	1.42219972988273
1	1	1.11180463761504	1.03343032399011	0.0741778872333439
1	1	-0.0199125392769994	1.07516219030982	-0.555741624634212
1	1	0.672829431120736	-0.89390013570879	1.59284108357396
0	1	-0.410849335625658	0.251393474790451	-0.530848592455405
0	1	-0.29075814455284	1.37658121172512	-1.28978440552829
1	1	-2.04135871910179	-0.0293598455402501	1.03361907946356
1	1	0.0887100159249953	-0.161362233305847	0.77733057958652
0	1	-0.450245285207803	-0.153099541498197	-2.29184710254977
1	1	-0.242519808820642	-0.0254608371233622	0.750329806048564
0	1	-0.673136315950883	-0.0863733094191155	-0.912975724175098
1	1	0.315685669119035	0.0664152160800171	-0.504341296246544
0	1	0.873986500910135	-0.911231980263039	-0.950970761692673
1	1	-0.320869013707554	-2.10005145406259	1.33710804187309
1	1	0.569035052688718	0.391641818630365	1.02668635754745
1	1	2.15266342241455	-0.289773391756901	0.294687462864941
1	1	0.789623910683614	0.10397957132899	0.692030148787543
1	1	-0.414217261377403	1.08160624642012	0.255599534469706
0	1	0.378860670990125	0.0238056069775711	-1.05397349692875
1	1	-0.140675906207315	-0.607579119967376	1.10035275601378
1	1	-0.481906749426846	0.182275769536429	0.869296011998709
1	1	0.124108595025109	0.765136725202865	0.686040095301367
1	1	1.37250240424143	-0.0830919265298114	0.617287740330395
1	1	0.515693201002462	1.07532081911095	0.48855731456766
1	1	0.578667409078382	-0.106512636141478	0.184502973756412
1	1	0.0503268487253746	0.0427119887342808	0.217410885180209
0	1	1.92111502885763	-1.30689725063624	-0.257794325474523
1	1	-0.921897283172408	0.405456979018862	0.189577011328626
0	1	0.341756666804877	-0.935516170399865	-1.42993220989358
0	1	-0.456941284473478	1.08280099053177	-2.05623803485829
1	1	-1.17853818893819	0.661381201463792	1.66279092937604
1	1	-0.520730913196209	-0.773412823729393	0.566038986080731
1	1	-0.419819298945316	-0.753777695935389	0.295261059737048
0	1	0.99862414434115	-0.523805869197538	-0.288057102354258
1	1	-0.45117764957014	1.59674678654504	-0.168392165200918
1	1	0.818223349131938	-0.673991336003922	-0.0850603448385724
1	1	-1.04814641410724	0.77431025971945	0.740319351205213
0	1	0.507640067843908	0.14041011391876	-0.99162781348815
0	1	0.153279357327314	-2.14832175757773	-0.268690718333187
0	1	0.0717419062959269	-1.41695021863599	-2.10884267324053
0	1	-0.198993937737352	-0.548116140141683	-0.257040452776559
1	1	1.01293193682948	-0.141735186277425	0.683030259359584
0	1	0.533924344988366	0.47512272391914	-0.890658268058344
1	1	-3.59665977633467	2.25145108198752	-0.484874086486782
0	1	-1.61221514342947	0.192276310277752	-0.0894165328639984
1	1	-1.39394522244313	2.16894598006491	0.201259339531819
0	1	-0.0304285748263696	1.57027913644243	-1.07315567415115
1	1	1.31310501680443	1.03049683230958	-0.612956473034573
0	1	-0.688899460415232	-1.26802540523617	-0.256593282456324
1	1	0.563072358417691	0.0396932176965625	0.759456074928366
0	1	0.117900354735914	-1.065854092896	-0.473198847235898
0	1	-0.180348202125554	0.302095067186706	-0.945509487888201
1	1	-1.61377490626415	0.667403828612843	0.37506746867291
1	1	1.45943591289669	2.27090144851373	0.507900348483016
1	1	1.8750565415183	0.00219888462293097	-1.52920775761392
1	1	2.28000982616435	1.07557703538865	0.0795110023837153
0	1	-0.912736194684763	0.448986826237348	-0.977935636719608
0	1	0.234139465890125	-0.848260536895176	-2.17691297937127
0	1	-0.493845517890349	-0.5775896643616	-0.307967803413295
0	1	-0.653217485935919	-2.00856950174537	-0.694501996911834
0	1	-0.842425599236054	0.236260374725147	-1.20182739987118
1	1	0.753872739053345	0.633014879654897	-0.276371481150552
0	1	0.153332709612979	-0.694981206790046	-0.860476224891047
0	1	0.681143922175797	-2.43544332370254	-0.683430521537823
1	1	-0.556834714274205	0.599071891725595	0.528514886656823
1	1	0.193571855196862	-0.463179744770079	0.169747261971716
1	1	0.166298875300424	0.696338061814409	-0.287358022927766
1	1	-0.729958119692592	0.192522560350334	0.975133475504098
1	1	1.18957353386544	-0.327131944006415	1.495327416901
0	1	-0.344841914956452	0.305169579632261	-0.457361188665195
1	1	0.392047408589161	-0.684042052428284	0.372082058937916
1	1	-2.49545949014249	2.98051951914158	0.0822761182880028
0	1	-1.29166401493743	-1.1488377502749	-0.107500951317496
0	1	0.895279909437715	-0.250246748541696	-0.593370147297899
1	1	1.50214510827703	0.71431926867236	-0.657877290034621
1	1	-0.21430501702625	1.76695082574154	1.82318328338373
1	1	3.3260057215426	0.897673882445241	0.0496254062901401
0	1	2.00925113336243	0.823560460866957	-1.59128215940868
1	1	0.523953594547525	-0.232569601286761	1.88446507147676
1	1	0.677208329348683	0.976537216641265	0.182560945231047
1	1	1.11329101173536	1.39448700485897	0.554283065284332
1	1	0.412913739760734	0.268488639011604	0.012842318330808
1	1	-0.252645798665475	-2.15319767002373	2.35489236521268
1	1	-0.0135890469413728	-0.162884958232326	0.730564912412959
1	1	1.15600654718028	0.370263397294087	1.51368305754721
1	1	0.882850375482228	-0.0227848971364047	0.336304681482251
0	1	0.407266788781188	-1.1871193617924	0.113155501598265
1	1	1.17192670400682	0.730107682625455	1.20309169137124
0	1	-0.572148221104772	-0.352839500230455	-0.124633579024151
1	1	-0.950346664625366	0.242824246028953	0.547528352869439
0	1	0.71690765116818	0.736749931291011	-1.94648454142738
1	1	0.458715889179005	-0.25644648000409	0.524494123191528
1	1	-0.874030817463828	2.47417587698117	-0.487990264592636
1	1	-1.9971423924809	-0.195541429809354	0.753228067388749
1	1	1.0409157909553	1.50798856490548	-0.820971454464774
0	1	-0.997989794719614	-0.449617029951675	0.666164995169833
0	1	-0.557965473478145	-2.5539729866114	-2.20006223718723
1	1	0.879788810959963	0.380743556009032	-0.811263814010497
1	1	-0.233775103524759	0.904976084898267	-0.00129597711775259
1	1	1.60132763949862	0.482267686294609	1.37869861302084
0	1	-0.569575394793473	0.347004010496572	-1.72030798256511
1	1	1.61525149597908	1.29114254851925	-0.324780717572556
0	1	-0.025257729413138	-0.0019433357226608	-0.932666837144219
0	1	-0.196931854997489	-0.577376398577251	0.470399538370517
0	1	0.509366608832249	-1.22598463041027	-0.894878977174128
1	1	-1.57713953705331	0.748078918394033	0.888633219159884
0	1	0.0628978508825942	0.312945434215916	-0.360737268679775
1	1	-0.479182214564584	0.335076091117779	0.213328696428784
0	1	-0.0854364014195503	-1.27974332113975	-1.37808758959077
1	1	2.56917204133444	0.373006594833125	0.225506158568039
1	1	-0.808593901077896	-0.486393314127417	0.948469896113261
1	1	1.06089507874197	2.51613823461758	-0.0448358139982055
0	1	1.06685825970798	-1.20887702445602	-0.867427176749091
1	1	0.220891392641587	0.310866216834225	1.44996307499292
1	1	-0.527471257008184	0.832153430658728	0.787521069843806
0	1	0.14243392080476	-1.0260155589296	-1.07674486753276
1	1	1.12115691324267	0.14946909469493	1.88331174589732
1	1	1.61028859982634	-0.125727700619797	0.44428621632405
1	1	0.343304887811789	0.648740960544902	-0.653210032190959
1	1	1.4075909423851	-0.274987288730066	0.553186635410893
0	1	-1.38789618451152	-0.730475521496301	-0.102627317709609
1	1	0.646300164386191	1.03458967167689	-0.584545134959113
0	1	0.786200743572145	-0.26389745259009	-1.32752828238965
1	1	-0.306768356086337	-0.815060051142998	0.721190856367368
1	1	0.561198143906692	1.35101760461367	1.60804075596858
1	1	0.910109388917111	1.92572667299943	0.436530026013848
1	1	0.00857115644920693	0.445242924151339	0.841194689258567
0	1	0.0666650338151519	-0.948512859678913	-0.901922769273041
0	1	-1.0643806814697	-2.32927751839259	1.05830750594968
1	1	-1.15426142772403	-0.0419763155538198	1.04930175557115
1	1	-1.06186247020725	-0.911108383976835	2.30674631112798
0	1	-0.472201803724217	0.0702205356242852	-1.23607161123757
1	1	1.23846289483182	2.5301155092256	-1.137509615706
0	1	1.60751926180949	0.11056801174893	-1.54999870447618
0	1	0.0133072188984619	-1.27929072220598	0.464794159203176
0	1	-0.054045767360447	-0.0304521035997496	-0.799437708107567
1	1	-0.275732389783864	-0.25331842884016	0.0339761954307026
0	1	-0.158907121410551	0.674202902296104	-1.53660696981859
0	1	1.09525379816569	0.173381832212009	-0.987694910014609
0	1	-0.418179451815178	-0.649006854740232	-0.67979536387285
1	1	-0.625072909833891	0.817945136631771	0.547747538657011
0	1	-1.55567645072244	1.06572820150317	-1.68660597288708
0	1	-0.64201106934452	-0.586221805074662	-0.279619043864025
0	1	-0.656851580118062	0.335237047646243	-1.99604381276536
0	1	-0.354078398457574	0.963318753293363	-0.741433787376796
0	1	0.628748335495518	-0.601434355452177	-1.63046804739353
0	1	0.972837198122287	-0.798971222344837	-0.976539484648683
1	1	2.57036055163755	-2.07976230839236	2.04455984717284
0	1	-0.153196035355023	-1.11284804910222	0.679284919525105
0	1	-1.15980861020651	-1.16315465105557	0.170757872357115
1	1	0.186775622505845	0.480822250024116	0.37503736731107
1	1	-1.48678801098955	1.7381118854989	1.43014848321436
1	1	-0.375747964306232	0.277589848603724	-0.489541340976507
0	1	0.680569034119711	0.762137159968744	-1.08342889227677
1	1	1.53678075993368	-0.500732406315599	1.45149698426232
0	1	-0.281251610902755	0.300015978988521	-0.5533977400881
1	1	0.068978064120467	0.526277382428847	-0.68838192863057
1	1	1.25835294397687	0.208601279040045	0.695793882235123
1	1	0.118644835221347	-1.2785536620242	0.715404185299638
1	1	-0.751029667321721	2.35606983791433	-0.108734857322175
0	1	0.572914002116771	-0.798956375679584	-0.54249396827556
1	1	-0.599283130719416	0.619821526583214	0.481287286236201
0	1	0.705689228827651	-0.984749210837174	0.336587758301965
1	1	0.647426601967334	1.01569990886915	1.05910265373773
0	1	-1.74944468330548	0.879899213763435	-0.976291932349079
0	1	0.0504963210754995	-0.822635219735733	0.353706141764313
0	1	0.150137756748421	-1.5377895365023	0.172432166463256
1	1	-0.92006931832947	1.51779166589341	0.935609384106546
1	1	0.696375557881538	0.223181860401501	-0.0884755122847553
1	1	0.945931904165815	-0.351506304252336	1.10191962104894
0	1	0.689677592075062	-1.28820852483738	0.470258642240248
1	1	0.884237114167728	-0.377469873845515	0.84945978305407
1	1	0.447070157485526	0.26561623024824	1.72092697634967
1	1	0.457055916390027	-0.475827186006428	-0.049097793761849
0	1	1.2381777856734	-0.0824128260018173	-0.791986974941658
0	1	-0.0845690540686465	-1.44722386582944	-2.45190189145036
1	1	1.64508100249868	-0.332374645702057	-0.118890871951639
1	1	0.971080706022197	0.930007292933276	1.16511545827133
1	1	1.01494085496306	1.86357931859975	0.408120787278239
1	1	0.252299434254731	0.682725494855124	-0.199611761939074
1	1	0.793312038250429	0.317750136511993	0.449772052443991
0	1	-0.139459379878424	-1.18553642750209	1.47199945279184
1	1	-0.175433703477297	1.89166101366583	1.28369045530205
0	1	-1.05561563621211	-0.568046878715876	0.641481340992101
0	1	-0.064767999325052	0.653194750227114	-0.921478192703294
1	1	-0.126628017593548	0.795345449081424	-0.106459800108423
0	1	-2.17663394443318	0.684122792134627	-1.1770848740687
1	1	-1.45103798530023	0.318132751414994	0.389602225650888
0	1	1.07922162490024	-0.537549833152007	-0.921433632965058
1	1	0.484251674285175	1.0653249815453	-0.89943619180575
0	1	0.622300992310823	-1.37198411463787	-0.421999599884536
1	1	0.416714356144315	0.314443474312435	0.623678879540047
1	1	-0.461175347123788	-1.21097381370989	1.17353418955767
1	1	-0.0865135824755547	0.983784368124228	0.249398455152623
1	1	0.860740666445681	-1.14984647242127	0.547762913981518
0	1	-0.665234029404661	-0.00850276257854262	-1.06722989969267
1	1	0.861558562429462	-1.02990899134735	0.26474642944906
1	1	-0.0359419921166803	0.416178732259816	0.0598149271972392
0	1	0.208634326934937	-0.0772966331878814	-0.577662285651214
0	1	-1.92641306249766	-1.25130441841761	-0.363124864841945
1	1	0.012917992350422	1.32276658067484	1.02449762106989
0	1	1.87420499655952	-1.21085501180139	-1.31223228216823
0	1	0.140189585817727	-0.345537981975254	-0.831574508480857
1	1	0.225655615920297	-0.682716971545562	0.80069620845131
1	1	-0.212439503291562	0.360044188912445	1.37041895943692
0	1	-0.308534976718999	-0.692112926276653	1.15998230472731
0	1	-0.406858094313217	0.0588341979529537	0.203144196473975
1	1	1.30546318509518	-0.435090067359407	0.668123401135884
1	1	0.768540412653992	-1.22720525859791	0.286423307587407
0	1	0.0271517989948261	-0.574565008717784	-0.212991894720913
1	1	1.75499993493757	-0.770057835570903	0.585914957228654
1	1	1.29786545806154	0.351305475822999	0.118031447163947
0	1	-3.50876115184199	-1.96309698575681	0.0674148643714217
1	1	0.375925507873941	-0.896905087662995	1.82199629114186
1	1	0.913243384172947	-0.792403778487083	0.29696570136512
1	1	0.422915649573693	-0.652342373292666	0.0301580859988831
1	1	-0.603578651503514	-0.809927504806358	0.556206246741575
0	1	-0.441499838618102	-1.81348662610243	-1.80002862273744
0	1	0.0938649950990646	0.463698501599983	-1.2393061707341
1	1	0.55037584486091	2.26040384110812	0.112848540974821
1	1	-0.107082537132813	0.154677277740591	0.0391271804314392
0	1	-2.16096580591248	2.13816738442292	-0.591441799343309
1	1	1.05445270691032	-0.21625017011994	0.426436567270542
1	1	1.06788567348255	0.767385209416328	-0.173614947078578
1	1	0.892159550662205	-0.941723377143562	0.673519554363635
1	1	0.0752652998147364	0.286103294039835	-0.109348182155301
1	1	-0.158575192454143	0.0399383705250964	-0.554740030553867
0	1	-1.2306115014254	-0.873229296840715	0.735196532952389
1	1	0.495910534722243	-0.808907970434302	1.80978429954549
0	1	-1.63367545012502	-0.0309240200084779	0.14166320104357
1	1	-0.822262412710551	1.41698879180567	-0.459179808551139
1	1	0.0177756452515239	1.70046202898666	3.07539211660415
0	1	-0.859727978219697	0.0915744148378583	-1.97152111187898
1	1	0.295888373115517	0.832758708571034	-0.781965873564547
0	1	0.637473301169394	0.156200247454109	-1.25229156424714
0	1	-0.241248604740199	-2.32526522152457	0.119311069285933
1	1	-0.687734299134773	1.72913743960301	-1.3626942136958
1	1	-0.754256952179905	0.186707654293955	0.648388035025841
0	1	0.377912873075698	0.0690530228217526	-1.20719526982205
1	1	1.62250238402727	-0.450808476470735	-1.53996119576992
0	1	-2.78291057006754	-0.943764545988991	1.15515881990119
1	1	-0.415455963184956	0.888369240533717	-0.746705043201256
1	1	0.558098059052785	0.584942455596964	0.433575987744669
1	1	-0.364182950106412	1.53468485037269	0.18023023677554
0	1	-1.16749947134977	0.400169612388773	0.229807237829796
1	1	0.881928920591321	-0.876517955663159	-0.0775022693459631
1	1	0.137311869908851	-0.651038273569559	0.748965024917702
0	1	-1.02316452890443	-0.534020393397677	0.328655751939056
1	1	0.860197252194547	0.712606060671729	-0.362510330584602
0	1	0.0858019163543134	-1.44480357670262	-0.931098860097181
0	1	0.508661934469361	1.10597983289507	-1.07755171375449
1	1	1.27327721908406	-0.855558680475162	1.40615061876139
0	1	0.517588355064535	-1.96047744218619	-0.279270053480449
0	1	-0.79948694428243	-1.21394456572458	0.988197571207966
0	1	0.821854468778487	-3.67282720983647	-0.808127563308732
1	1	0.124607170881237	0.827938891392381	-0.616601936310973
0	1	-2.15023378775291	-0.771485034014439	-0.632405264666244
1	1	-0.982735841176418	0.290552467338305	0.658264546653329
0	1	-0.640195365181683	-0.899096985501541	-0.272466846314917
1	1	-0.23190106448764	-0.485665055869853	0.131425077461604
1	1	0.703392527805005	0.167612291337635	0.195492307260249
1	1	0.407974199747423	3.02751788265277	1.10510959457197
0	1	-1.498511634468	-1.25085377700824	-0.350820144022258
0	1	0.371906939975077	-0.785652884872889	0.153823787020579
0	1	0.0170708342570253	-1.01201061368931	-1.52716424643268
1	1	-0.378943564943141	0.112485489089247	0.741976795097873
0	1	-0.735746352202182	-0.358995024278149	-1.15837504991686
1	1	-0.186948144011087	-0.937061147017811	1.71030373170393
1	1	0.0250051928723624	0.0166408596097292	0.924162131968457
1	1	1.70626957659784	1.73928513830732	2.13508274849828
0	1	-0.844738960373125	0.0183814544548011	-0.904183425761971
0	1	-0.437002257268828	1.28617074573814	-1.4570348782882
0	1	-0.0201892049483248	0.534030307816888	-0.568659013694441
1	1	-0.588053940310395	0.352864072666655	-0.145728752256851
1	1	0.261292576177735	0.389974621910875	-0.49951295612359
1	1	-0.858640536916642	-0.610239367964649	1.2507279997738
0	1	-0.54268319052914	0.397584162980904	-1.46797372425377
1	1	2.03826273877799	0.538691499084244	-0.90163570125539
0	1	-0.390172893279432	-0.494854178812724	0.126518360849734
0	1	-0.338129507262562	-0.584945192633099	-1.22330083960265
1	1	1.58097058557502	0.0191268619516756	-0.420205134595325
0	1	-0.189252654435918	-0.249108309029307	-0.437842042481386
1	1	-1.03891801996996	-1.24942972555508	1.34933717056887
1	1	0.768162190725861	0.504610733776408	-0.556083959041018
1	1	0.263700959181769	1.75316482227657	1.30536755971591
1	1	0.0715969529982344	0.529840693037818	-0.282016020157451
0	1	0.797363265299871	-1.54880236781882	0.0915703933578455
1	1	1.69925238243683	1.5026742343687	0.992394298738024
1	1	0.92672228103664	0.204610262040272	0.755304868900325
1	1	-0.424435705272955	0.291231770386316	1.2097782418769
1	1	-0.0318098871917155	1.14587206478304	1.08839102226248
1	1	-0.868780294152499	-0.480266669642138	0.358272644081854
0	1	1.42914395868478	-0.766661012243591	-0.724543127026041
1	1	0.194264665670565	1.03259219054478	1.05189960976655
1	1	0.353830106459141	-0.0128093999756625	1.25684087241024
0	1	-0.362723250112061	1.59722834372664	-0.739193377558559
0	1	-0.758406661106454	-0.318532473311638	-1.42371295952787
1	1	-0.701307678868946	0.778481743164238	0.816055165481308
1	1	1.18845214362378	0.647507018397806	-0.835087288819424
1	1	0.409144862010418	0.347238884919438	1.20257494838963
0	1	0.366984329153943	-0.398407137170185	-0.516577537900183
0	1	0.396061158030635	-1.68311685921505	-0.165893523087666
1	1	0.742472362977728	-0.762461895081589	0.340695624545641
1	1	0.291430572595103	1.60953445546524	-1.46977537322815
1	1	2.18311964907592	0.200906567819148	-1.27291559064387
1	1	-0.728820511534444	1.30640356142941	0.646789341544247
0	1	-0.179830511174221	-0.623554434834011	-0.747294275385019
0	1	1.35584519732487	-0.224649537512056	-1.85183933438297
0	1	-0.85919950375942	1.29490718644963	-0.340685664935193
0	1	0.971861188979331	1.54289101066752	-1.6848236151499
0	1	-1.0214175747514	-0.801809876541413	-0.0831223018338541
1	1	-1.25961236843901	0.385889094609568	0.698768195463801
1	1	-1.85260988559974	-0.393598550965556	1.61899132800263
0	1	-0.219623464831705	-0.123012823054025	-0.869829718794556
0	1	-0.260294618056297	-2.26686519927382	1.29134281807259
1	1	2.04400024115994	-0.290383313045775	-0.287202740766965
1	1	-0.655885459320901	-0.081704425200227	0.881526922608848
1	1	0.360782537838928	1.00197643387575	-0.436228783345031
1	1	1.55808952264103	-0.631308451421833	0.481876886560563
1	1	1.16694579114411	-0.0860166481715752	-0.898555374503365
0	1	-0.36468925940773	-1.72096560197084	0.586757903609752
1	1	1.99701152121285	1.18987649026507	1.88384505215821
1	1	-0.787870437785582	0.699773770298481	1.10539771477315
1	1	-0.227151054133141	-0.611120088431292	1.05651986029644
0	1	0.804179371303222	-0.482167705260686	-0.545620336203626
0	1	0.261187925940492	0.960895972122778	-0.965934697455649
0	1	-0.660042493481685	-0.713089333919794	-0.27678377134762
1	1	0.803579118706388	0.143049290118157	-0.330406161680463
1	1	0.924749796506014	2.43102360915204	-1.10416732802557
0	1	-1.98107977044451	1.76550204724616	-0.0327954328571492
1	1	1.30505127024285	-0.0511063341361	0.772763801871652
1	1	0.827620323279839	0.617239734905062	0.728332054837019
1	1	-0.116446405789988	-1.17466205172	0.539115306060973
0	1	1.91186489678165	-0.54699468006317	-0.799053800151388
0	1	0.380936138850174	-2.02449336034286	0.263899891622497
0	1	-0.101791470793487	-0.429087448845721	-0.373024550545352
0	1	-1.38965653206973	1.04649380088085	-0.529004355234213
1	1	0.127600899477208	1.60330448733508	-0.896743189496763
1	1	-1.76058471461613	-1.31267685849986	1.70682717773778
1	1	0.365394278316432	-1.3734751083123	1.24146510240935
1	1	1.12877972491051	-0.128840469874639	-0.65654886828874
0	1	0.564922120692507	-2.79262957020195	0.0842287427722408
1	1	-1.20260841958916	0.0171557087667681	0.957466802294437
1	1	-0.103631517109144	-0.0932467001729553	1.75006103358652
0	1	-0.830085910836405	-1.30095389137144	-1.33749379590179
0	1	-0.466846639690816	-1.05587242576157	0.075428501816976
1	1	-0.366559420641918	1.87018803717268	1.26455145779097
0	1	0.224591231979515	-1.18822197049784	-1.58823865777209
0	1	-1.38682907999665	0.191991412852436	-2.03960995290043
1	1	0.364090460385357	0.106719984884968	-0.545854780661121
0	1	-0.411597694055838	-0.462876531982012	-0.462173646027214
0	1	-0.183920223992503	-0.313373569998711	0.290824861839199
1	1	-1.32068765320838	-0.193532452627628	0.472896446334168
0	1	-1.09677864014881	-0.443140753689502	-1.31872363337648
0	1	-1.59010389054743	-0.166891834176735	-0.514516252234938
0	1	0.654432650475946	-0.230541543591312	-0.778701678141947
1	1	-0.460346973422765	1.14888251344533	-0.381080443228892
1	1	0.978590628909186	-2.02504665158092	0.0879073670362928
0	1	0.176759857693509	-0.500615232862362	-0.611057609542293
1	1	0.362562946517717	0.783454665626749	0.769154146721514
0	1	-0.616977713465983	-1.54442458918999	-0.980428501711351
0	1	-1.02606038026524	-2.1877783670575	0.177932390939859
0	1	-0.470408476885893	0.308149110424857	-1.34166579208856
1	1	-1.00162735320333	0.348908522477188	0.0385060965739613
1	1	0.342257117571316	0.332080369328162	-0.176221241167842
0	1	1.41395566222405	-1.38461986196486	-0.141366659375444
1	1	1.5188313438608	1.28183927025913	1.16601811585432
0	1	0.2886643795205	-0.626422194735519	-0.492298503340623
1	1	0.664483198611171	2.04290674399589	-0.902463952281672
0	1	-1.24998781963613	0.968006371892627	-0.807385651153553
1	1	0.323843797262571	0.261161686932319	0.767716917547654
0	1	-0.539266859858479	-0.644681462415716	0.0508128530193286
1	1	0.324326843385994	-0.775859129055231	0.686649219916275
0	1	-0.828117646427905	-0.365053526846405	-0.7742478148145
1	1	0.233542195565818	0.44079719667009	-0.163994142988507
0	1	-0.747740263501796	0.531636298434296	-0.927928547594136
1	1	0.255906225731787	0.954752865269776	-0.806655820498224
0	1	-0.0907830482520715	0.446619697353425	-1.44906047589994
0	1	-0.919527572480019	-0.189563171565659	-1.44156932585226
0	1	1.2641795703369	-0.154120678857315	-0.313531714087574
0	1	-2.53944870690792	0.174748803840074	-0.530873295293744
1	1	0.578580327475083	0.770029162600084	0.620900543064313
0	1	-0.28211456769613	-0.346435918489522	-0.785634905548696
0	1	-2.45808133449806	-0.549361898958334	0.249449369210694
1	1	0.843012674643061	-0.685726499661443	0.250451680330288
0	1	-0.967887579804761	0.00706089661819065	-1.43064643372324
1	1	2.00437902857872	-0.892400341305142	-0.458001553177282
0	1	0.721135973071692	-0.906058051444717	-0.267793710687695
0	1	1.49310056384063	-1.18741438689184	-1.25295401276253
1	1	-0.433860315306266	-0.0428898473112758	1.66907349909394
1	1	0.995534095795141	-0.687740631295576	0.905534785517199
1	1	1.25263581898099	1.18096519666624	-0.561436385359033
1	1	0.764312915011428	-0.400753309320604	0.834368459978293
1	1	0.542700237692881	0.42972436963344	2.38646413164749
0	1	-0.923980946098795	-2.41977297725856	-0.757617225397973
0	1	0.720661590941013	-1.87330236584392	0.453334681450643
1	1	0.873859131416847	0.7408005882515	0.935895868938796
1	1	-0.0260193986063648	1.35448415925813	1.14850854178016
1	1	-0.222557243963492	-0.232971348458414	1.22902965952192
1	1	0.22889943474252	1.72131476061399	0.293176637652309
0	1	-0.829249667687307	-1.7157386952981	0.403218616651886
1	1	-0.202287803632035	0.48788879821688	0.276991515515979
0	1	-1.41094640723054	-0.865034873226358	-1.13220671512069
1	1	1.53662818055833	-0.646952767109769	0.682830373554652
1	1	-0.931540657982162	-0.262750132678929	0.123751628845022
1	1	0.149352505264884	0.0513316582774074	0.0586584942562477
1	1	0.895051551839101	1.32706064048737	1.93972883973638
1	1	0.875505936458544	0.604428958663827	-0.658299283930029
0	1	-1.0855729219161	-1.44547737700252	-2.21086319180141
0	1	-0.0717183707857806	-0.346539623638259	0.460708308267904
1	1	0.311033806310942	0.0108581193444659	0.0444937239971604
1	1	0.249499518403276	0.826990406938165	-1.33024430615337
0	1	-1.06123916476502	0.0287480164236198	-1.13856167780235
1	1	0.950615383901107	0.141753812655419	0.112186237470675
1	1	-1.01232093710215	1.09766820587016	1.30619691696528
1	1	0.380916377737772	0.801623848953268	0.552266542813015
1	1	0.0179381014488207	0.310547732379884	1.2652151758454
1	1	0.359559218908066	0.080094857693529	1.01632643639501
1	1	0.549830385671115	1.34514811296836	0.736954611482888
1	1	0.467615647029026	0.785007963529858	0.369668361540994
0	1	-0.290628119488266	-0.167098323394488	-0.246406849690515
1	1	1.29824051944579	0.765883725236821	1.26790050166382
0	1	-0.0805987836387123	0.62278467147378	-1.57367602146004
0	1	-0.0195090775649534	-1.34745050371656	-1.43000086801363
0	1	-2.51616660177548	-0.411855672350544	0.418845122583404
0	1	-0.0172957561140202	0.46070257071913	-1.35869977974765
1	1	0.653588174057748	0.0588719798014535	0.156169823457471
1	1	-0.665601496046029	0.379669646724976	-0.181653823263823
1	1	0.860318714650523	-1.00051794549272	1.07646861825226
0	1	-1.5378633677932	-0.3138000187601	-0.88065365088205
1	1	-1.20861207890524	1.19455048259846	0.719273543880289
1	1	1.25543330839771	-0.530327831957513	1.24056082027225
1	1	0.345993682434857	1.38421372571908	0.301147342087823
1	1	-0.633414051034454	-0.664291317325899	1.43801778354081
0	1	0.808597755473125	-0.0636920232937409	-2.03390110186722
1	1	0.287566209845994	0.732973569025405	-0.199182255584627
1	1	-1.41899307364098	0.0285237369327347	1.02128689654689
1	1	-0.583831555057444	-0.174394208954235	0.795305804365945
0	1	-2.96080086590813	-1.36434623662503	0.0466590827526334
1	1	1.62755567733264	-0.0978024124098211	0.43266742419158
0	1	-1.08045826512777	1.19833904505723	-1.0235709215528
1	1	-0.0352716365282842	0.0535232683249844	-0.140748182873892
1	1	1.96737199528167	1.54456753551625	0.0763523908929508
1	1	0.368521043022752	-0.655430052585909	1.25190446154325
1	1	0.47865558767528	2.09280096771637	-0.220979666066058
1	1	-0.619605106084329	0.163051050576525	0.224209656912588
1	1	-0.807536355743101	0.137507567502875	1.48462983379027
0	1	-0.570602774966966	-0.780302516763812	0.433050316948182
1	1	-0.135852974096975	-0.476867830572885	1.37886018254576
0	1	-1.34528680728746	-0.5201640770606	-0.361208927323337
1	1	-0.0577713439573104	-0.46658656312449	0.863739714108674
0	1	0.926635682167671	-2.7997356792837	-0.856261362833108
0	1	-1.77954634678736	-1.22159801276863	-0.452533436056674
1	1	-0.294909439301237	-0.518957114858566	0.527224454542925
1	1	0.23326984795161	0.202511918866143	1.68851297650839
1	1	0.262874721695112	-1.16163134368146	1.26398365515307
1	1	1.44172470440365	-0.925084614462915	-0.0534456495447582
0	1	-0.624709573903168	-0.95164909658887	-1.2105435797686
0	1	0.320175509614744	-1.80995294261868	-0.68688764488043
1	1	2.10324622466048	0.0416303026469741	-0.398066890568207
1	1	0.146274616986685	0.498419637446954	-0.347281692185645
1	1	-0.304201671169102	0.385213447747943	0.365188090360585
1	1	0.513693437051775	0.578725113724071	2.41315073935094
1	1	-0.185973953775066	-0.599539382430729	0.947292846873265
0	1	-1.06491537733547	0.577905234655353	-1.60014434668942
0	1	-0.215935411999694	-2.06045040457652	0.65867628584953
1	1	0.103231473329526	1.67756025965015	1.51973199383817
1	1	-0.500419872521026	0.397010377935283	0.409257392773209
1	1	1.07896141699023	-0.694981104662721	0.234153713274972
1	1	-0.0934486208904627	-0.347558964142532	0.246426776333951
1	1	0.0276817487609808	1.09716666882243	0.914771308437235
1	1	-0.268212813907937	-0.0583616604109873	1.01941908144022
0	1	-0.190498862072308	-0.561910376371403	-0.835993430513368
1	1	0.22957939445815	0.563441083126866	1.21639142035973
1	1	-1.47979797529268	-1.0554938460815	1.27609208908175
1	1	-1.32641337780475	-0.0497994882249524	1.21617688184309
1	1	-1.45871689320766	0.0924432476946732	0.493603847587816
1	1	-0.69968613004374	-0.636115603642087	0.966690516022952
0	1	1.40265137977852	-0.713795345011564	-0.222246342178029
1	1	-0.170584237969127	-0.0524010914398923	1.37157482430341
0	1	0.0928340614125778	-2.33306549048861	-0.435825957495548
0	1	0.691614700209812	-1.41320592589417	0.405486605098023
0	1	-0.492614786041352	0.712281376800985	-0.229175628961157
1	1	-0.990541591897773	1.00507072291865	0.381397203497757
1	1	0.521631171994657	-0.350510872600002	1.99608936146091
1	1	1.61104465154333	0.0641221060045494	0.00193527880653757
0	1	-2.32630758815687	-1.53899321427121	-0.198354767098749
0	1	0.466660982178143	0.794269411292338	-1.2398982554134
0	1	-0.174646955648877	-0.781887579239603	-0.689370393965715
0	1	-0.287163239220826	-0.268034265528328	-0.841027393956196
1	1	0.600759849132648	-1.36178418138034	1.68956460892153
0	1	-0.232239534666031	-0.677036850863346	-0.516489932311117
1	1	0.690085331857398	0.661154653881701	0.172235240210695
1	1	1.28896966953946	-0.0653406146715085	1.42446716152475
1	1	-0.568230710381439	1.24958091418255	-0.722913789595633
0	1	0.604450186609294	0.584085813532581	-0.928837502918785
1	1	-0.477816870904414	0.255272634921597	0.384912253246346
1	1	1.00024337447264	-1.01562453965129	0.387115375177694
0	1	-0.774568584396809	0.174768800537178	-2.57633739639756
0	1	-0.152768621767357	0.0600632282611311	-0.0820499655806936
1	1	0.567538924728553	1.29006415094359	1.08688024788258
1	1	0.297333688510371	1.35505505182305	-0.492426393408388
1	1	-0.0492665298180581	-0.874854731298263	0.0236985814267674
0	1	-0.237444417525002	-1.85263219083545	-0.252254075224528
1	1	0.79658417609514	0.494731037780796	0.125140491435582
1	1	0.769212661160736	-0.348038696505071	0.898033991112241
1	1	2.7130764612968	0.825929070906375	1.35593839987668
1	1	-0.584139999695827	1.07592553897609	-0.410126942030703
0	1	1.66765569997626	-0.32571696848703	-0.925086945075775
0	1	-0.923799688692217	-0.878460385690138	0.234415754819794
0	1	-0.0841884154337925	-2.64775725196449	0.745534774527709
1	1	-1.37145701968271	0.700953568064883	0.607890580604544
1	1	0.429057627148212	-1.6576620064395	1.64438474953549
0	1	1.27933015525908	-2.26301998037128	0.11603745368717
0	1	-1.17899966723555	-0.346210308257512	0.309293914451933
0	1	-0.369584788244891	-0.851599136188634	0.260570814778395
0	1	-0.713638087163332	-0.31056498504948	-0.93855380165495
1	1	-0.30415331639836	-1.1127206053202	0.2738824559818
1	1	-0.200600896941327	1.29468484878243	0.666382170761571
1	1	0.241852278570068	0.888628868189072	-0.38167525355015
1	1	-0.00250078235475619	0.0988264622456228	-0.103984545541971
0	1	-0.902195841554551	0.181037924400122	-0.969713141587526
1	1	-0.842085625405648	-0.398897533221321	0.255302463967908
1	1	0.25694995711369	1.841938177312	0.647966862577642
0	1	-0.94985350014676	-0.473369364825986	0.357340912300789
1	1	0.382279247979908	-0.204196044441462	1.52734130389484
1	1	0.146512888951317	-0.0117610342527845	0.8700771547984
0	1	0.00722680091601342	-0.414996294154342	0.192733311684781
1	1	1.1664895213288	1.68746963792574	2.08619433242131
1	1	-1.1298077578937	0.950169946206889	0.716438444719156
1	1	-0.347391207531578	-0.714800907661287	1.11315298805514
0	1	-1.23269175277167	-0.0950294183353821	-0.597478342793874
0	1	-0.741120555006531	0.753499452256836	-1.72492860323728
1	1	-1.59185339751053	0.927171345010842	2.17015946417327
1	1	-0.488670946673501	0.862943829501653	-0.650172405608085
0	1	-0.470425975943672	0.798767990388477	-1.47980829575846
0	1	-0.747196749165798	0.804687565932443	-1.16722002122981
1	1	0.409806358373056	-0.255327521894192	-0.590948705127746
0	1	1.02223401734739	-0.776967970767646	-0.811797424699456
1	1	1.09328769002032	0.388941954854905	0.728535699964687
1	1	0.730356187023742	1.34533269756601	-0.350717716352938
0	1	-1.32926875425914	-0.500968555107471	-0.345977423755779
0	1	0.511671456752255	-1.142740715873	-0.987667111057498
0	1	-1.60071839009974	0.38336925492638	-0.525107271396577
1	1	-0.476031246533977	1.28369758657969	1.11082418102671
0	1	-1.34555705589111	0.0339263100293008	-1.98241882536221
1	1	-0.654309479482099	0.398005672061043	1.61917103814888
0	1	-0.184418909707364	-0.81618532347823	-0.401575457890257
0	1	-1.71459416202913	-2.45130927703849	0.232350453737815
1	1	-0.176549004867166	0.886750258036203	-0.0875110471893991
1	1	0.418821912553755	0.645574135453556	-0.204547887214773
1	1	1.18222827088398	-0.458559315218212	1.73172965240928
0	1	-0.50792856029864	0.183304704955128	-2.08339939386571
1	1	0.389453204517093	0.312212972557045	0.469957743222372
1	1	0.524977564164035	0.980132948329619	0.415651045481873
0	1	0.683908604512022	-0.567259386999602	-0.736127234125348
1	1	-0.578201953754867	0.71931255935656	2.29703615702082
1	1	-0.346487373663971	0.433128611275796	-0.274252485674316
0	1	-1.66865098808189	-0.49968309499166	-1.36768602880188
0	1	-3.13253227840861	0.0126624252807213	-0.218657320503386
0	1	-0.604681626428177	-0.593022127054671	-1.76104668221336
1	1	-1.01810127502491	-1.39454162121325	1.78314957724731
0	1	-0.261612723554547	-0.343827386933622	-2.13997632640716
1	1	0.559642488434885	1.6313833372054	-0.0738748959007624
1	1	0.402137111906244	-0.669395761997292	0.782675678115222
0	1	-0.81322227776581	-0.318571876430523	-0.594806759555481
1	1	0.291081763489987	-1.29731705075047	-0.508706667639642
1	1	0.0194761473973115	-0.0336944590746487	0.743071773589084
0	1	0.23426554033464	0.690843009183483	-1.77692837518745
0	1	-0.420289922359826	0.0710109457204726	-0.360604939483714
0	1	-1.13143150264198	-0.0402634317411305	0.43544899021966
1	1	0.664743326510602	-0.249086629617988	1.82247651315424
1	1	1.70546061651825	1.72865656549113	-0.278746151164498
0	1	-0.38609585830741	-1.68302759245672	-2.6916194141016
1	1	-1.70977821467002	1.56420962725687	0.462939617342474
0	1	-1.06834767429972	-0.349090377669531	-0.433152789031598
0	1	-0.219983355589016	-1.66198609204	-0.847023070976569
0	1	0.252437186040013	-0.740325078996259	-1.93769316224149
1	1	1.49414802572562	0.89470678960332	0.511978266400637
0	1	0.444580861723664	-1.05536963970665	-0.232654125314684
1	1	1.33891783429421	0.11188618891037	1.98786626462737
1	1	0.349766862366248	0.964634803782941	1.00590994038075
0	1	-0.752539972803976	0.535317065153336	-0.48691344080564
0	1	-1.90926288003016	0.321642696393246	-0.506894957797697
1	1	1.39922427528096	0.295248411719555	0.140581971257102
0	1	-0.729809131657006	0.0791165225663182	-1.23230189376911
1	1	1.62421495874013	0.688722130354003	1.06090942671824
0	1	-1.24589295555738	-2.05474398151611	1.16469380010232
0	1	-0.145154868399309	-0.912938250731197	-1.04295160480822
1	1	0.283906732239125	0.0331127857344478	-0.155920824434976
1	1	0.775718367449222	0.902082037246803	0.140663702011492
0	1	-1.23620642584601	-1.41996013126287	-1.72536820533698
0	1	-0.651112922725898	-1.00669614101998	0.142638532416827
0	1	0.284910961784907	-0.814558648899711	0.0544699834622533
1	1	-0.148629704515333	-0.87709515114095	0.952154633073673
1	1	0.580112360065305	1.05834017536365	0.0579432978729428
1	1	0.00496319391827492	-0.361278546875449	0.721668920123351
0	1	1.37826229975448	-0.876808476253042	-0.288918984415432
0	1	-0.635261899019783	-0.701965661680309	-0.298793065911668
0	1	1.11067385532881	-0.38722488417409	-1.12363311348816
1	1	2.48175708805621	1.51336435254777	0.94258518464066
0	1	-2.38494668612602	0.822971254863088	-0.788937070122181
1	1	-0.283147333949683	0.062731357536808	0.524579309459585
0	1	-0.224533025842646	0.425916806096017	-0.147649099021576
0	1	-0.422034964699169	-0.941876661857835	-0.797689626517384
1	1	-0.29764989988622	-0.0182427146939868	1.22227979177518
1	1	-0.836410238184178	1.23152711730457	0.158960816717293
1	1	0.0205823816112736	-0.363363698491054	0.127106260920033
0	1	0.742973577563603	-0.347750336353372	-0.879061552240962
1	1	-1.16920945979068	1.35310618336001	1.80996726090434
1	1	1.53676789916469	0.161461256134261	0.257211791443372
1	1	0.238092576912134	0.253130924254655	0.530717117009676
0	1	-0.374485557220488	-2.37320040435423	0.566638669065684
0	1	-2.3271534572602	0.668976639696738	1.08556229853823
1	1	-1.28245885101127	1.46213529113033	0.755530618514377
0	1	0.737031926247109	-0.911940747432638	-0.841863419671166
0	1	-1.90321683208428	-1.76226458348684	-1.54703529903247
0	1	0.00605055791050522	1.27507724003537	-2.11320573506266
0	1	-0.24355322585103	0.818457175548895	-0.805357125376901
1	1	0.147498087476704	0.326861100321955	-0.21132775306045
1	1	0.230778444320732	2.41273178763107	-0.560836218363577
1	1	0.271786148696329	0.802305149877114	-0.438879842151771
1	1	-0.174749624367271	2.01768705429248	1.11902628354517
0	1	1.05937197716381	-0.616770302976184	-0.486783358505828
1	1	-2.35483373949115	0.373757987954576	0.578383232099066
0	1	-0.76773634032466	-0.138764821385654	-0.684825610821233
1	1	1.18944994355995	0.191589424816861	0.277888964049166
1	1	1.08785788718979	0.754236354123099	0.258628566351554
0	1	-0.637443289614077	0.145775480670778	-0.0717134492294218
0	1	-2.19565685184024	-1.00114870915514	-0.475489164872941
1	1	0.936950576237275	2.02409113986364	0.313303017644934
0	1	-0.884572881890033	-1.81854156296501	1.28988225681784
0	1	0.107660490993309	0.986601707444378	-1.21033307400247
1	1	-0.557971047145187	0.508660375338618	-0.425769904343869
1	1	1.22415106600466	1.74880845912448	0.8598421005457
1	1	-1.19838740375429	0.754266979012104	1.83444170978121
1	1	0.015727040248159	-0.36188214203104	0.0594199733592733
0	1	-0.814578698315881	-0.852616088691402	-1.50176695745329
1	1	0.108779758022614	-0.18904136926977	0.962248121279623
1	1	2.27392767477301	-1.18245814343761	0.220174368261824
0	1	-1.0366847002285	-1.10336065268723	-0.0204321604821527
0	1	0.24087683011124	-0.206990169972419	-0.840353869889935
1	1	1.04479138311734	0.0778583351677174	1.70509379453913
1	1	-0.519785148217079	1.00636739479944	-0.0523012981699087
0	1	-0.90025772991161	0.0747849227183414	-0.875068560252509
1	1	0.511245767613142	1.14032285782822	1.25952307700373
0	1	-2.36193156851685	-0.401978108767765	0.0877181874789522
1	1	-1.79911172026111	1.53971507518566	-0.111232925486889
1	1	0.466650071728367	-0.350165918345476	-0.0547989508400046
1	1	1.96036928406871	0.521359493353346	1.831574665514
1	1	-1.17913305093161	0.322979766588183	1.32453579526339
0	1	-0.06112095245359	-1.50367920261956	0.873340098277791
1	1	1.17031754732573	0.69627434853919	1.89549185783394
0	1	-1.32298432818502	-0.516494473272908	-0.233402045983613
1	1	-2.17855349041474	2.4373181755453	0.552933485213967
0	1	1.31889690905763	-0.16621293871632	-1.7463320096254
1	1	-0.951870898750716	0.28068660979137	1.64203934877723
0	1	0.875016539871549	-0.846516672965631	-0.307408392103718
1	1	0.609827287888887	-0.0510747745795016	-0.00331182393571731
0	1	-1.58418536366088	-0.152936489712834	-0.550764810765556
0	1	-0.693742086927064	-0.102744161869711	-1.41082835642531
1	1	-0.0314217237846694	0.341540880335925	0.84776346218223
1	1	0.224480985250246	-0.255957989508412	1.43348736103065
0	1	-0.766239579656854	-0.699556048167619	0.792823222981246
0	1	-0.201225358976301	-1.8095243401434	0.515101564549506
0	1	-0.191461550349213	-2.24943274525385	-0.384042399763651
0	1	0.166372344517662	-0.100928197802102	-1.28676427154054
1	1	-0.467906976440618	0.131435070278848	0.604140783216511
0	1	1.20028014799241	-0.760292874790604	-0.245161106180643
1	1	-1.23830430024856	2.10226283479613	-1.70769157922251
0	1	0.440838967918677	-0.270247241193283	-1.35449132760654
1	1	0.339970608588398	0.669449421966453	-0.768816888080614
0	1	0.639413680603356	-0.991596914576592	0.175969053460962
1	1	-0.187284162870061	0.905855884487635	-0.577906193013428
0	1	0.433976054588114	0.186905223605158	-1.16121877562797
0	1	-0.551229137918877	0.351216603577092	-0.652568214090133
1	1	0.911316202561304	-0.145197137899468	0.849729616053795
1	1	1.33382736666975	-0.273277502941405	-0.048376502578819
0	1	-1.44611154744622	-2.3456557662864	-0.231278421516656
0	1	-0.779879628430244	-0.162625381258588	-1.24172962843671
1	1	-0.143092286897085	-0.180377347201479	1.90984306588519
1	1	1.74782669979023	-0.739656288245299	1.58111014197015
0	1	0.125272159081187	-1.97346681277033	0.895232576172317
1	1	-0.350792124199229	0.490724576751674	1.10526838166756
1	1	0.202920716803023	2.02597654720882	0.662739773235379
1	1	-0.160903246162013	-0.271243966600886	0.861160243825411
0	1	-1.96895726648698	-0.917105045424018	-0.758981360217884
0	1	-1.16986128046182	-0.927758401487176	-1.04012589096193
1	1	-0.0425608305537964	0.108884211139733	-0.161678789871242
0	1	0.0681334329412989	1.02063060003371	-1.48062582990996
1	1	0.373299060692034	0.227117694098739	1.20264874704612
0	1	-0.793543297027342	0.916773952238929	-1.08225350350696
0	1	-1.77709915402013	-0.173371029309299	-0.995441543842428
0	1	-0.54712490813326	-0.174156516762995	-1.12733817075974
0	1	0.0547649267978862	-0.955022323016389	0.86760882746325
0	1	0.203990736047324	-0.604620930628504	-0.813863581436421
0	1	1.02079648622376	-1.2257769072712	-0.576188550025641
1	1	1.1897228390947	-0.743052188711172	1.38937709174192
0	1	0.969729878174666	-0.541959688409329	-0.721091182404736
0	1	0.347217598463648	-0.808567977232577	0.232857759438916
1	1	1.17898874257467	1.00892079874865	-0.56795215834441
0	1	-0.0228280717046625	0.631686409883157	-1.83597946779824
0	1	1.00469540007451	-0.192093989888638	-0.743967013011962
1	1	1.13640019537501	0.0779216361104712	1.23589016051519
1	1	-0.322792123632026	0.998156778262421	0.911121633795733
1	1	1.68580210133678	1.14824400630134	-0.618394818955875
1	1	0.0382494039819475	0.24776461289679	-0.407063390565474
1	1	-1.05119726622321	2.15426876334748	1.01696539357695
0	1	-0.348971157395124	0.606130192598772	-1.10037803849857
0	1	0.463639838505654	1.49200399927429	-2.77322274210718
0	1	0.77486823143527	-2.01121233516107	-0.350466733999389
1	1	2.44381519629124	0.786155430191458	0.17505672176526
1	1	-0.809956268252063	0.685147056788438	1.51780515739828
1	1	-0.0650369669717876	0.101853144900761	1.2008078959001
1	1	0.0853092745106547	-0.0262361292824226	0.174947365645099
1	1	0.0509193069593475	1.13734651512745	1.10051101166412
1	1	-0.138594304616228	-0.700717876995333	0.00613478187977405
0	1	0.524992953230269	-1.35705128806553	-1.66803053063276
0	1	-0.0914857363698159	-0.593854898428426	-0.689557312447268
0	1	-0.355829256188172	-1.1079118321027	0.293766328606191
0	1	-0.720989218043083	0.469291247424812	-0.977403412965635
1	1	0.181801013552975	1.00572380500359	0.435767248746467
0	1	1.00308624613315	-1.36790114656659	-1.53887757139265
1	1	-0.262071390855465	0.778901925827908	-0.519532062359335
1	1	-0.27237833984971	-0.838703142006414	0.862157967550858
1	1	-0.301042207168031	2.89158165400224	-0.441429985648415
0	1	-0.362485420351649	-1.17748948745927	-0.939872460750479
0	1	-0.125847652946254	0.251510518696996	-0.65007909748358
1	1	2.44639772685171	1.01829072241688	0.491323003410488
0	1	0.359277666514435	-1.02881289016775	-0.589860672207748
0	1	-0.102225414040533	-1.70663019120971	-1.43266937480177
1	1	0.522324410090909	-0.408178196399736	0.172141739250789
1	1	-0.802686593201585	0.535063715432142	1.26272519815203
0	1	-2.95953947143917	-0.211170037086539	-1.24613779120064
1	1	0.597189667500822	0.368347920626039	0.672569584461226
1	1	1.82980999161938	0.971229457987341	2.00892497894189
0	1	-1.46741881728747	-0.511585994302216	-0.606013013879189
0	1	-1.87744505261601	-1.39403337627686	-1.59402368925424
1	1	2.61273268369229	-0.895015756831147	-0.264815118450041
0	1	0.429129968966385	0.420761259802485	-1.60765441598115
1	1	1.17818034454718	0.479878844194205	1.22700559776405
1	1	-1.26926221042156	1.46972822158734	-0.0662731098926806
1	1	0.90979877400602	0.765330999740646	0.285964888349126
1	1	0.153049954273826	-0.948515876685586	0.925457705130486
1	1	0.0561255580376612	-0.362683169723995	0.231585339761961
1	1	0.409292083078703	1.72987669731504	-1.44956884106197
1	1	-1.45427720591595	0.916808148699648	0.979119306128414
1	1	0.80206686063712	1.82198954945681	1.37614225394817
0	1	-0.245491064494306	1.04543324346701	-1.08969099464685
1	1	-0.46927512755957	0.496551794045575	-0.592775332045279
1	1	-0.175612565433234	-0.599034039435202	1.71535483345366
1	1	0.0205077240349972	1.15672939659656	0.0583786943408435
0	1	-1.16436485603263	0.679642924203802	-0.418316427158168
0	1	-0.110817484917055	0.463473900391833	-1.21123008447093
1	1	0.470443428625824	1.18206370945969	1.83683775478339
0	1	-1.75020841104691	0.516314997675799	-1.10455664973849
1	1	1.84597987081107	0.0535294089953245	-0.665149027322531
0	1	-0.0674211563911164	-0.839312804063641	-0.00593074319644698
0	1	0.572190673655299	-1.37382300926264	-1.59478196031356
0	1	0.15028672318714	-0.610546582678405	-1.1648651755
1	1	1.11714154769095	0.121254197041186	-0.454499342186106
1	1	-0.677654403039199	0.046156119745652	0.307716275302781
1	1	-1.66746749765493	0.58314667038606	0.881311423833895
0	1	-0.380116101609188	-1.80420046893116	-0.0903989661247827
0	1	1.6210393656003	-1.87250533599198	-0.312220828000596
1	1	-0.255579429225036	-0.256739409785763	1.5570177922972
1	1	2.44703564622827	0.815607857346259	0.267272800373162
0	1	-1.15940911023761	-0.652899064260587	0.282896361262534
1	1	-0.58075626015702	-0.843981320684024	0.465464336770132
1	1	2.01153787083118	1.5116277264295	-0.414863534416188
1	1	2.49823800443366	-0.237160733178571	-0.195686812624583
1	1	-0.830832810044344	0.360542375553262	0.152813712596447
0	1	-1.91399136400793	1.60244223798262	-0.70918106658478
0	1	1.39969011349157	0.587798263524476	-0.406899692628597
0	1	-0.0448333612864235	-0.570660328437314	-0.342902816301008
0	1	-1.47806951525393	-0.184857194949845	-1.3417564970308
0	1	-1.26008116508313	1.44084694786483	-0.935532562968869
1	1	-1.13761178992381	0.71754231831825	1.47343433299063
1	1	-0.516342331420134	-0.592830204853471	-0.0574772702092132
1	1	0.022832275173775	-1.41473397322228	0.76492538126644
1	1	0.0557879942540214	0.781315402882779	-0.200610642061891
1	1	0.223757817890237	-0.511950829315365	-0.270272131544269
1	1	1.0335942308437	-0.370612468594775	0.30192407274523
0	1	-1.14869923140401	0.0595065751232209	0.324323000171693
1	1	-0.450126000942054	0.8483787035662	-0.539128562649594
1	1	0.233944786730316	1.89948283757698	-1.29692857871725
0	1	-0.151376970604112	0.550448828889291	-0.547771530856412
0	1	-0.524201636483348	0.552405917480647	-2.34966820271363
0	1	1.37975530673521	-0.409178627028857	-1.23381882761658
1	1	-0.356330699148557	0.793448793997786	0.865058476758073
1	1	0.0564591945969902	-0.168277695814207	0.504444001614991
0	1	-0.864825036132524	-2.25826332299792	0.827295824825022
0	1	-1.37374875821302	0.0326513544457687	-0.517007958959415
1	1	0.255850423771127	0.341645415159054	0.252109764242043
1	1	0.725750007391972	0.920216758893303	-0.242351460241411
1	1	1.3432990319543	-0.198594215420583	0.0349319045071069
0	1	-0.279339758017698	1.24876711126761	-1.65412776989689
1	1	1.27393736098702	0.178326664088254	-0.678082800837516
1	1	-1.23625782087928	0.991252591288475	0.414973242882409
1	1	1.27712627222167	0.146046568421569	0.523280690229345
1	1	0.821382780741823	0.693740835593272	-0.0400574877399316
0	1	-0.650531025883711	-0.761862708699596	0.0517121573893962
0	1	-0.796678175577261	-0.278259717246083	-0.453543094504874
1	1	2.18603645268996	-0.131866768274505	-0.955551191854727
1	1	-0.226789382841552	1.04716019511889	-0.401473302801398
1	1	1.1786608594516	-0.00171773347868258	1.0270945414373
0	1	-0.842347964540526	-1.84059992658395	-0.59964217714205
0	1	-0.161815583438364	0.0419348943096715	-0.631817654694797
1	1	-1.03619175444228	0.00611089060291544	1.65661776440108
0	1	-1.64858812328263	-1.66598722251371	-1.03924229872359
0	1	-0.265791312958106	0.222129847167179	-2.6062529924594
1	1	-1.54546145656693	0.0957576947173664	0.975952173830142
1	1	2.473771410138	-0.29940694217263	-0.00338507654102373
0	1	-0.736689103655883	-0.823088812706656	0.565426970343373
1	1	0.477492284186997	1.50472692804683	-0.834213000954555
0	1	0.367130514580094	0.398653310605396	-0.96795655478315
1	1	-0.197870485171314	1.34811179235089	0.100814115766664
1	1	-0.57900022700264	1.10892981389765	0.718008716912095
0	1	-0.768019402852901	-0.485140357980786	-0.050897256475108
1	1	-0.939269094332461	0.384503427227627	-1.4708717935065
1	1	0.77354494497821	-1.10049836145823	1.12507182061959
0	1	-0.209523973543544	-0.677164146050425	0.217105254091628
1	1	0.469299524773507	-0.0267548326873701	0.859870239741082
1	1	-1.36317035377193	0.721034017372526	-0.0311977034453337
1	1	-0.588307745003234	-0.107752257845145	1.80678093675112
1	1	-1.64422070572747	-0.947279738194686	1.16290916766307
0	1	0.415089292733857	-1.24464255976801	0.411100520064782
0	1	-0.191070196004177	-0.489606615076143	-1.07800415106905
0	1	0.621330707925987	0.81503711397438	-1.72210148060104
1	1	0.475185261003504	1.51370825753663	0.297859549822484
0	1	-0.00815497146656581	1.1187447773254	-1.14785253559004
1	1	-0.671901222151172	0.340248845476849	0.360581733037021
1	1	-0.639915298947779	1.03820939299966	0.197214289001397
1	1	0.183615332534453	-0.116037447744501	1.09854074798061
0	1	-1.19705714836926	-0.072870547661408	-0.888914185604503
1	1	-1.61990299627605	1.54615465130431	0.688850080731276
1	1	2.25940007155315	-0.179068597622172	-1.34260999809063
0	1	1.11583470982109	-0.719538885415329	-1.32840173663673
1	1	0.193787674148439	0.836633131530972	-0.771368636063736
